50 752
0 1 29
0 2 13
0 3 23
0 7 30
0 10 41
0 13 15
0 14 19
0 15 32
0 20 39
0 22 35
0 25 21
0 29 2
0 30 41
0 33 22
0 35 17
0 36 11
0 39 50
0 40 45
0 41 1
0 43 33
0 44 31
0 45 50
0 49 3
1 5 49
1 8 35
1 10 50
1 11 41
1 12 27
1 13 37
1 14 12
1 15 32
1 17 18
1 18 26
1 20 7
1 24 47
1 26 18
1 27 23
1 35 18
1 36 1
1 37 11
1 38 2
1 39 22
1 40 13
1 43 44
1 44 45
1 45 29
1 48 4
1 49 46
2 4 25
2 5 4
2 6 29
2 7 5
2 8 3
2 12 31
2 13 6
2 14 37
2 15 30
2 16 48
2 17 16
2 18 18
2 19 10
2 20 47
2 22 35
2 23 37
2 24 3
2 26 34
2 28 5
2 31 25
2 33 1
2 35 5
2 36 38
2 37 2
2 39 28
2 43 50
2 44 46
2 46 23
2 47 30
2 48 49
2 49 18
3 4 4
3 6 3
3 11 46
3 12 10
3 15 7
3 16 28
3 17 15
3 18 44
3 19 9
3 20 13
3 21 11
3 22 27
3 28 24
3 30 9
3 32 11
3 35 10
3 39 12
3 40 44
3 41 14
3 42 38
3 43 44
3 45 21
3 48 25
3 49 46
4 5 48
4 6 26
4 7 43
4 8 22
4 9 7
4 11 41
4 12 40
4 13 12
4 14 45
4 15 37
4 16 22
4 18 2
4 22 17
4 23 38
4 27 47
4 28 25
4 30 50
4 33 7
4 34 1
4 35 25
4 36 15
4 37 14
4 38 35
4 40 28
4 42 9
4 44 50
4 45 18
4 47 3
4 48 22
4 49 42
5 9 50
5 10 20
5 13 20
5 16 42
5 17 43
5 20 26
5 22 34
5 23 34
5 25 40
5 26 29
5 27 23
5 28 11
5 30 30
5 34 39
5 35 50
5 36 26
5 37 13
5 39 2
5 41 34
5 43 16
5 44 26
5 45 48
5 46 31
5 47 10
5 48 26
5 49 39
6 8 10
6 9 45
6 10 41
6 11 31
6 12 36
6 13 42
6 14 2
6 17 7
6 21 35
6 22 47
6 23 35
6 28 19
6 32 30
6 33 24
6 34 49
6 35 2
6 36 36
6 37 28
6 38 42
6 39 35
6 40 5
6 42 5
6 45 36
6 46 38
6 49 22
7 9 12
7 10 35
7 11 2
7 14 23
7 16 12
7 17 40
7 25 34
7 26 6
7 28 33
7 30 17
7 31 44
7 33 26
7 37 20
7 38 2
7 40 11
7 41 16
7 43 36
7 45 31
7 47 46
7 48 11
7 49 29
8 9 49
8 10 46
8 11 8
8 13 41
8 15 33
8 16 12
8 17 47
8 19 20
8 21 1
8 22 18
8 25 31
8 27 37
8 29 21
8 30 6
8 34 1
8 35 12
8 37 39
8 38 8
8 40 46
8 42 7
8 44 1
8 45 22
8 46 27
8 48 5
9 11 34
9 12 42
9 13 40
9 14 16
9 15 39
9 16 1
9 17 46
9 18 38
9 20 48
9 21 3
9 22 28
9 23 30
9 24 16
9 25 24
9 26 50
9 27 16
9 28 43
9 29 32
9 30 2
9 31 15
9 33 37
9 34 2
9 35 26
9 37 28
9 38 10
9 39 22
9 40 34
9 43 12
9 45 45
9 46 12
9 47 16
9 49 30
10 11 4
10 12 8
10 13 45
10 18 42
10 20 10
10 21 42
10 24 31
10 31 7
10 33 44
10 34 8
10 37 39
10 38 11
10 40 33
10 43 38
10 44 26
10 45 27
10 46 21
10 47 29
11 12 41
11 14 10
11 20 31
11 21 19
11 22 39
11 25 42
11 26 40
11 27 24
11 30 5
11 31 36
11 32 36
11 33 21
11 34 15
11 35 39
11 37 30
11 38 11
11 39 32
11 41 39
11 42 2
11 46 13
11 47 47
11 48 47
11 49 22
12 13 35
12 15 7
12 16 5
12 18 24
12 19 34
12 20 31
12 22 45
12 23 12
12 27 24
12 28 6
12 29 44
12 30 42
12 33 44
12 34 37
12 36 33
12 37 17
12 38 42
12 40 18
12 41 2
12 42 14
12 43 34
12 44 42
12 45 43
12 46 46
12 47 24
13 16 33
13 18 49
13 19 38
13 20 29
13 21 45
13 22 11
13 23 14
13 26 3
13 27 15
13 28 37
13 30 36
13 33 48
13 37 33
13 39 47
13 40 23
13 43 38
13 44 43
13 47 14
13 48 31
13 49 29
14 16 46
14 18 48
14 19 20
14 20 15
14 21 1
14 22 33
14 23 50
14 24 43
14 27 27
14 28 47
14 29 18
14 32 9
14 33 45
14 36 7
14 37 38
14 38 41
14 41 17
14 42 1
14 44 43
14 45 34
14 46 39
14 47 28
14 48 31
14 49 22
15 17 26
15 18 5
15 19 9
15 20 18
15 21 18
15 24 42
15 25 49
15 26 15
15 27 41
15 28 18
15 30 29
15 31 41
15 32 3
15 33 30
15 35 35
15 36 29
15 37 26
15 38 2
15 39 40
15 41 20
15 42 8
15 45 27
15 47 10
15 48 27
15 49 29
16 19 4
16 20 10
16 24 17
16 25 33
16 26 40
16 27 40
16 28 8
16 30 46
16 32 1
16 33 28
16 35 13
16 36 42
16 38 26
16 39 27
16 40 32
16 44 45
16 45 7
16 46 22
16 47 47
16 48 36
16 49 7
17 19 28
17 20 11
17 21 10
17 22 17
17 25 32
17 26 20
17 27 45
17 31 43
17 32 46
17 34 23
17 36 46
17 39 5
17 41 41
17 42 28
17 43 46
17 45 31
17 47 37
17 48 41
17 49 31
18 20 16
18 21 3
18 22 22
18 24 43
18 26 31
18 27 5
18 28 38
18 30 37
18 31 26
18 32 36
18 33 24
18 37 34
18 39 13
18 40 36
18 44 44
18 45 31
18 46 17
19 20 13
19 23 25
19 24 9
19 26 8
19 27 47
19 29 6
19 33 14
19 36 38
19 37 35
19 39 9
19 40 20
19 42 21
19 43 49
19 45 2
19 46 39
19 47 3
19 48 25
19 49 31
20 22 33
20 23 29
20 25 20
20 28 21
20 31 6
20 32 6
20 36 44
20 37 40
20 38 18
20 39 29
20 41 35
20 42 49
20 43 47
20 44 49
20 46 25
20 49 7
21 22 8
21 24 22
21 26 12
21 28 21
21 30 11
21 31 46
21 32 29
21 33 30
21 34 18
21 35 27
21 36 33
21 37 6
21 38 29
21 42 7
21 44 37
21 45 13
21 46 35
21 48 8
22 24 33
22 26 40
22 27 13
22 29 26
22 30 31
22 31 33
22 33 6
22 35 15
22 36 33
22 38 4
22 39 13
22 41 7
22 43 10
22 47 20
22 48 28
22 49 23
23 24 40
23 26 40
23 27 18
23 28 20
23 30 21
23 31 37
23 32 46
23 33 3
23 34 43
23 37 26
23 38 9
23 39 31
23 40 40
23 43 45
23 45 38
23 47 22
23 48 35
24 25 3
24 26 49
24 29 15
24 30 35
24 32 6
24 34 32
24 35 17
24 38 9
24 39 44
24 41 25
24 43 18
24 48 16
25 27 5
25 28 40
25 29 7
25 35 44
25 36 9
25 38 27
25 39 15
25 40 46
25 41 24
25 42 17
25 43 40
25 44 2
25 46 28
25 48 22
25 49 41
26 30 22
26 32 11
26 33 13
26 34 8
26 35 13
26 36 13
26 40 25
26 41 49
26 43 19
26 45 6
26 46 15
26 47 27
26 48 1
27 28 42
27 29 47
27 30 18
27 31 46
27 33 38
27 35 25
27 37 39
27 38 49
27 39 1
27 43 5
27 45 46
27 48 26
28 29 24
28 31 35
28 32 27
28 33 3
28 34 8
28 36 18
28 38 24
28 39 18
28 40 30
28 41 32
28 42 33
28 43 44
28 44 8
28 45 31
28 46 12
28 48 13
28 49 48
29 30 41
29 31 15
29 32 39
29 33 39
29 34 33
29 39 34
29 40 28
29 42 7
29 43 24
29 45 26
29 46 9
29 47 31
29 49 21
30 32 34
30 33 4
30 34 7
30 35 11
30 36 6
30 38 14
30 39 28
30 40 31
30 41 34
30 43 9
30 44 14
30 45 16
30 46 2
31 32 21
31 33 46
31 34 16
31 35 33
31 36 43
31 37 8
31 39 50
31 43 33
31 44 48
31 45 32
31 47 18
31 48 25
31 49 38
32 33 42
32 34 1
32 35 46
32 37 22
32 38 21
32 40 31
32 43 27
32 45 30
32 46 41
32 48 34
33 34 43
33 35 20
33 36 14
33 37 28
33 38 28
33 41 28
33 42 43
33 44 32
33 45 50
33 46 41
33 47 49
33 48 35
33 49 35
34 35 8
34 36 34
34 37 18
34 38 5
34 39 15
34 41 35
34 42 29
34 46 4
34 48 28
35 37 29
35 40 49
35 41 49
35 42 2
35 43 31
35 45 27
35 47 31
35 49 22
36 37 10
36 38 25
36 39 41
36 42 26
36 44 3
36 45 21
36 46 3
36 47 47
36 48 4
36 49 2
37 38 37
37 40 4
37 42 38
37 43 22
37 44 11
37 45 21
37 47 41
38 39 15
38 40 35
38 41 25
38 42 43
38 44 38
38 45 5
38 47 22
38 48 38
38 49 3
39 41 25
39 42 19
39 43 32
39 44 5
39 47 42
39 48 41
40 43 31
40 44 34
40 45 18
40 47 33
40 48 4
40 49 20
41 42 32
41 43 9
41 45 24
41 46 18
41 47 12
41 48 13
41 49 41
42 44 22
42 45 34
42 46 31
42 47 36
42 48 20
43 44 8
43 45 29
43 46 8
43 47 12
43 48 2
43 49 47
44 45 16
44 47 28
44 49 17
45 46 49
45 47 34
45 49 8
46 48 42
46 49 14
47 48 42
48 49 9

